4294967279,17
4294967278,341
4294967278,178
4294967279,15
4294967279,13
4294967278,177
4294967278,340
4294967279,402
4294967278,175
4294967278,173
4294967278,172
4294967278,339
4294967278,170
4294967294,1237
4294967294,1236
4294967294,1234
4294967294,1233
4294967294,1228
4294967294,1217
4294967294,1062
4294967294,1060
4294967294,1059
4294967294,1058
4294967294,1057
4294967294,60
4294967278,168
4294967278,167
4294967278,166
4294967278,165
4294967294,180
4294967294,189
4294967294,190
4294967294,30
4294967294,160
4294967294,164
4294967294,163
4294967294,99
4294967294,388
4294967294,52
4294967294,165
4294967294,168
4294967294,167
4294967294,162
4294967294,104
4294967294,106
4294967294,166
4294967294,24
4294967294,175
4294967294,183
4294967294,177
4294967294,176
4294967294,1248
4294967294,92
4294967294,88
4294967294,83
4294967278,164
4294967278,163
4294967294,1249
4294967278,162
4294967294,18
4294967294,127
4294967294,14
4294967294,126
4294967294,20
4294967294,13
4294967294,12
4294967278,338
4294967279,401
4294967278,337
4294967278,159
4294967278,158
4294967278,157
4294967278,156
4294967278,155
4294967278,154
4294967278,153
4294967278,152
4294967278,151
4294967294,469
4294967294,1087
4294967294,396
4294967294,395
4294967294,1244
4294967294,421
4294967294,178
4294967294,425
4294967294,466
4294967279,276
4294967279,400
4294967279,272
19,5
19,4
19,3
19,2
19,1
4294967278,336
4294967279,270
4294967279,286
4294967294,1154
4294967279,266
4294967279,399
4294967278,335
4294967279,263
4294967279,285
4294967278,334
4294967278,260
4294967279,262
4294967279,284
4294967279,261
4294967279,259
4294967278,333
4294967278,332
4294967279,398
4294967278,331
4294967278,330
17,5
4294967279,397
17,4
4294967278,329
17,3
17,2
17,1
4294967278,256
4294967279,396
4294967278,328
4294967279,395
4294967278,327
4294967279,394
4294967279,393
4294967278,326
4294967278,325
4294967294,1163
4294967278,254
4294967278,324
4294967279,392
4294967278,253
15,6
4294967278,248
4294967278,251
4294967278,249
15,5
4294967278,246
4294967278,244
15,4
15,3
15,2
15,1
4294967278,242
4294967294,1242
4294967294,1241
4294967278,240
4294967278,238
4294967278,239
4294967279,391
4294967279,0
4294967278,237
14,5
4294967278,234
14,4
4294967278,232
14,3
14,2
14,1
4294967278,231
4294967278,230
4294967294,1421
4294967278,228
4294967294,387
4294967278,225
4294967278,223
4294967278,220
4294967278,219
4294967278,216
13,5
4294967278,323
13,4
4294967278,212
13,3
13,2
13,1
4294967278,322
4294967278,211
4294967278,208
4294967279,390
4294967278,321
4294967278,320
12,5
4294967278,319
4294967279,389
4294967278,206
12,4
12,3
12,2
12,1
4294967279,388
4294967278,205
4294967294,473
4294967279,387
4294967279,386
4294967278,318
11,4
4294967278,201
11,3
11,2
11,1
4294967278,317
0,7
4294967278,200
4294967279,385
4294967278,316
4294967279,384
4294967278,315
4294967294,40
4294967294,38
4294967278,314
4294967279,319
4294967278,313
4294967279,318
4294967294,46
4294967278,312
4294967279,317
4294967294,413
4294967294,407
4294967294,384
4294967294,1078
4294967294,113
4294967294,416
4294967294,184
4294967294,451
4294967294,2
4294967294,89
4294967278,311
4294967279,316
4294967278,310
4294967279,315
4294967294,50
4294967294,96
4294967294,94
4294967278,309
4294967278,192
4294967294,8
4294967278,308
4294967279,314
0,5
4294967278,191
4294967294,1
4294967294,1072
4294967294,0
4294967279,313
4294967294,9
4294967294,1216
4294967294,471
4294967294,90
4294967294,87
4294967294,84
4294967294,1247
4294967294,29
4294967294,1086
4294967294,28
4294967294,27
4294967294,393
4294967294,44
4294967279,312
4294967279,311
4294967279,260
4294967278,307
4294967278,0
4294967294,7
4294967294,6
4294967294,22
4294967294,93
4294967294,95
4294967294,17
4294967294,76
4294967294,43
4294967294,417
4294967294,51
4294967294,470
4294967294,25
4294967294,26
4294967294,81
4294967294,82
4294967294,67
4294967294,68
4294967294,11
4294967278,132
4294967278,131
4294967278,130
4294967278,129
4294967278,128
4294967278,127
4294967278,126
4294967278,125
4294967278,124
4294967278,123
4294967278,122
4294967278,121
4294967278,120
4294967278,119
4294967278,118
4294967278,117
4294967278,116
4294967278,115
4294967278,114
4294967278,113
4294967278,112
4294967278,111
4294967278,110
4294967278,109
4294967278,108
4294967278,107
4294967278,106
4294967278,105
4294967278,104
4294967278,103
4294967278,102
4294967278,101
4294967278,100
4294967278,99
4294967278,98
4294967278,97
4294967278,96
4294967278,95
4294967278,94
4294967278,93
4294967278,92
4294967278,91
4294967278,90
4294967278,89
4294967278,87
4294967278,86
4294967278,85
4294967278,84
4294967278,83
4294967278,82
4294967278,81
4294967278,80
4294967278,79
4294967278,78
4294967278,77
4294967278,76
4294967278,75
4294967278,74
4294967278,73
4294967278,72
4294967278,71
4294967278,70
4294967278,69
4294967278,68
4294967278,67
4294967278,66
4294967278,65
4294967278,64
4294967278,63
4294967278,62
4294967278,61
4294967278,60
4294967278,59
4294967278,58
4294967278,57
4294967278,56
